ddev_loss = 0.3513881366057439
dev_acc = 0.915607222359634
dev_f1 = 0.8866294524189261
dev_acc_and_f1 = 0.90111833738928
